-1.0251282789080585,0.03914462666181198
-0.6719910478151194,0.2724094822172978
-2.133145453961081,-0.2915805563747081
-0.9208099361909616,-3.307268850725996
-0.19247617649457993,1.1270465322061891
-4.337075940293007,0.7989550858997208
-1.3959312582161445,4.163423193366734,-2.5552292929032983
-1.7479267995492385,1.4161190729096558
1.6310790748732678,-2.65043867122986
-1.4042068291199161,-0.30925745983437136
2.2293792092972478,0.8224747930077375,7.197771590593096
1.4509998104255009,-1.5500771280672574,0.013246883683130317,-1.8642370247471556