0.9031126261752556,-1.6646593034679649
1.0781461608220833,-0.193218364860976
-1.2799418201251078,2.6760431788905588
0.5623737113526948,1.39094850853621
2.007659261683351,-0.45907834173513873,-0.09387135020000087
-0.7201442352200953,-0.15995418532677208
3.724474186639032,-2.0496955913663863
1.8102248633940368,-1.1604007166042765
-1.1492070311633729,0.6409609575159412
1.941145468681546,0.6224629733819191,-0.11987435739025985
-1.7532307353694452,2.542423748854501,5.072457837547987
0.26080735213845424,0.003474039442196375,-0.3618257273332299,-1.3930694179559484