0.9365002856067289,-0.1031827828635183
2.2297703166312974,-0.6257402266879111
0.43462107831631763,2.4587483033490476
-0.09717474660010306,-0.1272968866954703
3.0242559120959998,-0.0537730019535394
3.7076094142076244,0.10685974569946743
-0.1606061518692276,0.5041245421949848,-0.057404034734171605
0.7958267033487467,1.4294711280263739
-1.1840568146543806,-1.311759648629041
-0.5095985777309775,0.7432016607610226
3.475212922948223,2.6347566049199855,-2.718589445605044
1.411420609119469,1.5945591219580666,-0.6020118558542553