1.7903895166809578,-0.9594012277502129
0.6852941279378632,-1.2780938355182523
0.646649887263759,2.1266140621042897
1.488240963095674,-0.49850948669499123
1.7854247207060743,1.9892457233476857
2.4217160327138116,-0.20039633182322542
1.4523861367579587,-0.1816810215148302
-1.6753752062487497,2.0612074478729063
0.19049634177077246,0.06932196460415874
1.5392415952421885,-0.24033486765587161
2.307395053605351,3.519000677677357,-1.4932062263226633
1.783915786155974,3.5639266583247498,0.36370634954915376