-0.0012475775607571412,-1.288471124952288
1.1549508479729838,0.6479780845591632
-0.4175094819867983,2.419020482229543
0.05370235680316138,-0.6188618779723994
1.6933644768074865,-1.1098837359753233,-0.8664946312916582
-1.0107481692761207,0.4637959647350985
2.5094278473000506,-0.6380279926135809
0.764354544290984,1.191791972517148
-0.36518352522936126,2.1015090666001903
3.410799776695291,-0.3469208893710623
-2.016887677930547,3.1541787480762045,5.379404467943028
1.505746834796593,-0.06865646998616726,-2.4331148417611246
0.3110328638808471,0.6486277123353548,0.03893339553814301,1.4158715573028284