1.7905254982179017,1.7424538631807858
0.9847062262537838,0.938847799794168
-0.7995334795307059,2.6040880121334835
0.7377520291482724,0.030153541400580353
-0.6544395431879848,0.24176207201058886
-1.3537084944824744,0.22545510088107784
1.1686927311357154,0.8708261178288813
0.3670989333247076,1.9392181807015805
-2.160618851785996,1.4946405228883064
0.22338798539503116,4.015185474788249,-0.8689445761216609
1.692339684699135,6.678631810611188
3.0852896677178516,-1.7572508494217456
-1.7217297628784125,0.86485607610543
2.9126015680491246,0.8087402225039374,-3.168496297321818
0.9744525343535217,-0.8742144559983956,2.3040673504946096,0.3240715920418163