-0.8270501884551673,-0.27996861603879664
-0.06229689727501897,1.084065364632083
0.2179764422975277,-0.2915805563747081
-0.6040625671439677,-0.9957909227230352
-2.682020615770871,-0.6572147065283251
-2.812884776735352,0.9651106527440398
-1.9526166232280227,3.422622449218688,-2.9394821271608778
-1.5643381314980331,1.165869627748052
1.674310653148798,-2.316988462490277
-1.3223274467455335,-0.45104296779939834
2.7236916052314357,1.7020016213306186,6.678631810611188
0.1146898850417255,-0.34946825850457297,-0.7092756993199988,-3.2901701787941393