-16345927284640.498
-4334422963126.321
-4308508941798.951
-1043507846189.4408
4434019493125.167
-1035516107052.4788
-7419382780040.884
3922955344401.647
1483846825414.5898
-648259201216.3903
1310083536791.1577
1256070117983.268
978404707042.8672
1558553467935.11
-13515147894782.48
3246688344311.2725
-1288291986956.4683
20660551212817.51
3737253811006.696
5256506507529.502
914902892326.919
2073941058360.0442
-558453238158.7004
877060770000.7192
482765590518.84955
-1298906428097.8284
-397279007504.25574
